-0.00994603  -0.000987538  0.000779751  -0.01683  0.00383463  0.483474  
-0.00917706  -0.000855473  0.000772046  -0.0321072  -0.0257601  0.340218  
-0.0106297  -0.000592597  0.000474906  -0.0142669  0.0252468  0.645882  
-0.00968024  -0.000511153  0.000640731  -0.0179997  -0.0136048  0.417906  
-0.00947222  6.67034e-05  0.000368257  -0.019806  0.02147  0.479318  
-0.0108201  -9.33013e-05  0.000280177  6.79905e-06  0.057883  0.746008  
-0.00858217  -4.71666e-05  0.000159779  -0.0104637  0.00726547  0.407617  
-0.00915046  0.000247418  0.000307433  -0.00781587  0.0575775  0.62317  
-0.00949926  0.000282323  9.68922e-05  -0.00597533  0.0219453  0.590081  
-0.00845069  1.59391e-05  0.00018213  -0.00825571  0.0099816  0.500348  
-0.0100323  0.000126932  0.000155396  -0.00740108  0.0610654  0.706212  
-0.00839142  0.000301411  9.23284e-05  -0.0146926  0.0190702  0.477008  
-0.0100853  0.000475468  -0.00018507  -0.00647521  0.0707837  0.752932  
-0.00933372  0.000364338  -8.46437e-05  -0.000142772  0.0596047  0.610769  
-0.00953781  0.000277621  -3.76714e-05  -0.000158653  0.0727772  0.72591  
-0.00998143  0.000348811  6.04051e-05  -0.000258398  0.0793606  0.799622  
-0.00809826  0.000306717  -8.59976e-05  -9.53218e-05  0.0344034  0.516326  
-0.00864531  0.000378616  -1.13932e-05  -0.000239201  0.0801355  0.750806  
-0.00902402  0.000170963  0.0001145  -0.000130855  0.0726626  0.734543  
-0.00811353  0.000388163  -0.000104784  -0.0143011  0.0790265  0.670827  
-0.00949007  0.000408255  5.70209e-05  -0.000267075  0.0842925  0.764739  
-0.00867418  0.000301061  0.000127411  -0.0107641  0.0658894  0.644475  
-0.009627  0.000389205  0.000147646  -0.00030163  0.0972701  0.850474  
-0.00828711  0.000298453  0.000152147  -0.013488  0.0669093  0.631243  
-0.00941249  0.000544134  0.000127821  -0.0107065  0.103327  0.843975  
-0.00828061  0.000460965  2.58832e-05  -0.000256979  0.0704926  0.658828  
-0.00869819  0.000239929  -0.000169348  -0.000198837  0.107505  0.783288  
-0.0079749  0.000618996  -6.23717e-05  -0.000270177  0.0720555  0.587103  
-0.0081827  0.000632432  -0.000185287  -0.00532596  0.0840719  0.657979  
-0.00928699  0.00099441  -0.000174181  -0.00052372  0.0689861  0.678196  
-0.00769432  0.00077166  8.67205e-05  -0.0115214  0.0641158  0.48777  
-0.00851972  0.000760501  -5.93488e-05  -0.000359032  0.0907788  0.624736  
-0.00752384  0.000615623  -0.000246723  -0.000217422  0.0812956  0.534937  
-0.00906513  0.000786967  -9.02812e-05  -0.000262959  0.0885846  0.65841  
-0.00735194  0.000724956  2.98021e-05  -0.00842776  0.0951915  0.611612  
-0.00891612  0.000747593  -0.000109619  -0.000254237  0.092876  0.644277  
-0.00815904  0.000875903  -0.000152485  -0.00708899  0.102052  0.658651  
-0.00761825  0.000850298  0.000191096  -0.000196471  0.0744866  0.467357  
-0.00864202  0.00109859  3.65221e-06  -0.000424313  0.115741  0.675235  
-0.00815833  0.000954409  0.000340987  -0.00991118  0.105228  0.634023  
-0.00924879  0.0012112  7.1891e-05  -0.000449845  0.0814934  0.648479  
-0.00903939  0.00107903  -2.81934e-05  -0.000457502  0.123364  0.739401  
-0.00754283  0.000758712  3.52222e-05  -0.0179378  0.0727711  0.474993  
-0.00880188  0.000459013  0.000146223  -0.00011562  0.123002  0.71703  
-0.0080176  0.000325135  0.000340988  -0.0182224  0.0595917  0.376771  
-0.00723327  0.000269171  0.00148341  -0.0473507  -0.0199873  0.0162892  
-0.00850615  0.00132588  0.000364259  -0.00975348  0.109353  0.627761  
-0.00781152  0.00122679  0.000294404  -0.020844  0.0270004  0.292101  
-0.00819172  0.00112284  0.000500398  -0.0221752  0.0765517  0.517326  
-0.00790394  0.0011215  0.000538454  -0.0152242  0.0702447  0.448827  
-0.00790394  0.00135639  0.000392775  -0.021699  0.0998  0.545232  
-0.00803152  0.00103286  0.000890045  -0.021486  0.0216797  0.269345  
-0.00757632  0.00120152  0.000541939  -0.0267267  0.0861904  0.465741  
-0.00772427  0.0011755  0.000415033  -0.0112051  0.0821873  0.494113  
-0.00637801  0.00142061  0.00105037  -0.0188397  0.0294619  0.202454  
-0.00819047  0.0017013  0.000549785  -0.017501  0.112434  0.580461  
-0.00655222  0.00112315  0.00057385  -0.0259343  0.0648347  0.299219  
-0.00845809  0.00167086  0.000103409  -0.00517474  0.139247  0.725056  
-0.00763929  0.00174377  0.000157281  -0.00514722  0.0952061  0.532134  
-0.00665151  0.001335  0.000485152  -0.0165594  0.0644958  0.379761  
-0.00815431  0.0017551  4.68318e-05  -0.00542107  0.106729  0.677639  
-0.00699572  0.00185156  0.000285772  -0.00520558  0.0692783  0.42344  
-0.00856304  0.00214702  1.82321e-05  -0.00581985  0.144843  0.850674  
-0.00713831  0.00166808  0.000485151  -0.00555211  0.0819302  0.379336  
-0.0062177  0.00181212  0.000138446  -0.00923702  0.104519  0.48621  
-0.00799904  0.00279434  -0.000235792  -0.00656363  0.150021  0.818237  
-0.00579535  0.00200202  4.68953e-05  -0.00612705  0.0840809  0.422376  
-0.00687983  0.00246559  -9.70955e-05  -0.00653867  0.143341  0.653675  
-0.00569449  0.0018486  5.61777e-05  -0.00600596  0.0844087  0.340489  
-0.00745876  0.0023391  -0.00022395  -0.00233574  0.146759  0.750404  
-0.00596761  0.00238063  -0.000393546  0.00966358  0.0979558  0.46492  
-0.00589247  0.00249704  -0.000294046  0.00659771  0.131138  0.608455  
-0.00487793  0.00187334  -0.000519569  0.0205209  0.104076  0.453615  
-0.00468735  0.00106658  -0.0001133  0.00890017  0.0710174  0.287075  
-0.00537845  0.00263106  -0.000514151  0.0188255  0.168865  0.726892  
-0.00430485  0.0017409  -0.000473942  0.0184547  0.109113  0.456598  
-0.00319932  0.00140299  -0.0001133  0.0034344  0.0842413  0.337671  
-0.0050365  0.00224623  -0.000553578  0.0164269  0.175624  0.809371  
-0.00358734  0.00184703  -0.0001133  0.0190777  0.121214  0.456624  
-0.00329894  0.00202547  -0.00060242  0.0191705  0.143353  0.473099  
-0.00450132  0.00204736  -0.000573042  0.0254139  0.158472  0.668853  
-0.00309004  0.00127389  -0.00046018  0.0141875  0.12106  0.372634  
-0.00391231  0.00218135  -0.00070674  0.0158789  0.169184  0.636616  
-0.00277636  0.00132495  -0.000532653  -0.00181708  0.103945  0.362477  
-0.00328997  0.00149539  -0.000544192  0.00437119  0.113306  0.445365  
-0.00223237  0.000928132  -0.000367194  0.0165508  0.137226  0.358067  
-0.000194809  -0.000188612  -0.0001133  0.00215843  0.00320068  -0.000587978  
0.000375944  0.000309024  -0.0001881  0.0128922  0.0542791  0.105408  
0.000211038  1.1984e-05  -0.000332561  0.016561  0.0684914  0.185988  
0.000531772  0.000945893  -0.000724112  0.0159905  0.174386  0.618083  
0.000346886  0.000329648  -0.000535987  0.0162019  0.119549  0.347683  
-0.00212344  0.000329648  -0.0001133  0.00955457  0.122232  0.266811  
-0.00226699  5.14385e-05  -0.000243396  9.21658e-05  0.0719492  0.145535  
-0.00126057  0.000297818  -0.0001133  -0.00120224  0.0616908  0.119216  
-0.00165977  0.000375209  -0.0001133  0.0134569  0.144919  0.521627  
-0.000291279  -0.000114297  -0.0001133  0.00656953  0.0947001  0.310111  
-0.00230694  0.000451034  -0.0001133  0.0160106  0.155467  0.623455  
-0.00132369  -0.00045683  -0.0001133  0.00188316  0.0953211  0.240485  
-0.00224678  0.000289237  -0.0001133  0.0159644  0.188764  0.702397  
-0.00145996  -3.69153e-06  -0.0001133  0.0188011  0.150909  0.477822  
-0.00134725  -0.000274633  -0.0001133  0.0162858  0.159051  0.513988  
-0.00175966  -3.69153e-06  -0.0001133  0.0161722  0.18837  0.592503  
-0.000663975  -0.000434193  -0.0001133  0.0125482  0.130757  0.392935  
-0.00169466  -0.000434193  -0.0001133  0.0204907  0.190338  0.597529  
-0.00140989  -0.00164548  0.000718745  -0.000623756  0.0653191  0.0413282  
-0.00140106  -0.00164811  -0.0001133  0.0163962  0.0971736  0.236073  
-0.00150147  -0.000218311  -0.000431093  0.015526  0.203861  0.615107  
-0.000180984  -0.000653996  -0.0001133  0.0160246  0.124667  0.361024  
-0.000543312  -0.000840182  -0.0001133  0.0161031  0.177943  0.535752  
-0.00101131  -0.000731213  -0.000363102  0.0289775  0.184431  0.586588  
0.000265853  -0.000855065  -0.00030547  0.0290393  0.150276  0.395374  
-0.000655873  -0.000947897  -0.000304693  0.0318326  0.193462  0.585126  
-0.00101794  -0.000919606  -0.000218644  0.0300447  0.145202  0.466524  
-9.87522e-05  -0.000868304  -0.000300959  0.02864  0.182576  0.5194  
-0.000899463  -0.000505161  -0.000551371  0.036654  0.195059  0.571273  
0.000325539  -0.00107252  -3.60033e-05  0.0248764  0.136602  0.305554  
-0.000648129  -0.000995205  -0.000225799  0.0310668  0.177375  0.5741  
-9.6069e-05  -0.000679821  -0.0001133  0.0282689  0.170176  0.470523  
-0.000112936  -0.000873755  -0.0001133  0.02233  0.130014  0.37667  
-0.000472351  -0.000901185  -0.000536959  0.0328148  0.16799  0.518083  
-0.000532401  -0.000797656  -0.000483698  0.0319255  0.119875  0.431496  
-0.000355166  -6.47838e-05  -0.000517457  0.0233169  0.183243  0.573774  
-5.52366e-05  -0.000177203  -0.000667973  0.0276855  0.138337  0.323598  
-0.000165235  -0.000410895  -0.000558932  0.0150719  0.185286  0.434034  
0.000455076  -0.000943292  -0.0001133  0.0105222  0.0791898  0.164197  
-0.000199955  -0.00102788  -0.0001133  0.0200819  0.150079  0.413294  
-4.87283e-05  -0.000436584  -0.000543548  0.0273579  0.184274  0.568609  
0.000503895  -0.000632912  -0.000535969  0.0141085  0.164573  0.395738  
-0.00018951  -0.000882912  -0.000572122  0.0276386  0.193268  0.565391  
0.00065144  -0.000632912  -0.0001133  0.0276149  0.169385  0.428876  
-0.000102174  -0.00113256  -0.000294217  0.0163648  0.153427  0.371854  
0.000813693  -0.00147108  -0.0001133  0.010304  0.151811  0.353204  
0.000317314  -0.00111893  -0.000235307  0.027725  0.172861  0.449154  
0.000856782  -0.00125976  -0.0001133  0.0158293  0.171152  0.408885  
-0.000621504  -0.00138186  -0.0001133  0.0278503  0.142043  0.38698  
0.000290925  -0.000856698  -0.0001133  0.0276858  0.183851  0.423706  
0.00143625  -0.00215245  -0.000803295  0.0252092  0.198258  0.525445  
0.00179529  -0.00158811  -0.000473517  0.0278911  0.195146  0.499306  
0.00132376  -0.0012118  -0.000440633  0.030812  0.104911  0.293177  
0.00214225  -0.00147394  -0.000569969  0.0279297  0.152886  0.374562  
0.00172491  -0.000777311  -0.000576681  0.0275406  0.214708  0.648047  
0.00196055  -0.000550807  -0.000571075  0.0276157  0.135817  0.369599  
0.00175118  -0.00103415  -0.000963725  0.0275719  0.229441  0.691315  
0.00131633  -0.00102402  -0.000705296  0.0277289  0.162854  0.44383  
0.00216893  -0.00147394  -0.000588261  0.0279243  0.17766  0.416795  
0.00220823  -0.000558716  -0.000569478  0.0274974  0.207826  0.540982  
0.00199374  -0.000993412  -0.000805731  0.0277661  0.141009  0.327297  
0.00165703  -0.000993412  -0.000758336  0.0278117  0.148564  0.367933  
0.00206958  -0.00123127  -0.000855182  0.0278577  0.155373  0.361484  
0.00228502  -0.00142691  -0.000765453  0.027904  0.168833  0.473549  
0.00165665  -0.000786648  -0.000562251  0.0276733  0.174358  0.453095  
0.0021012  -0.000618214  -0.000651158  0.0275672  0.194495  0.482435  
0.00184083  -0.000691868  -0.000556037  0.027674  0.162756  0.409506  
0.000986934  -0.000732688  -0.000509673  0.0276741  0.177001  0.563967  
0.00129934  -0.000630725  -0.000505181  0.0276197  0.193603  0.542583  
0.00140576  -0.000675278  -0.000429117  0.0359166  0.179837  0.520611  
0.00131468  -0.000883582  -0.000417886  0.0277298  0.207559  0.562222  
0.00139222  -0.000883582  -0.0001133  0.0277857  0.204781  0.569427  
0.00221601  -0.000883582  -0.0001133  0.0277857  0.222917  0.521483  
0.00190225  -0.000883582  -0.0001133  0.0277857  0.211943  0.540693  
0.0016775  -0.000414619  -0.000617705  0.0274405  0.241627  0.614115  
0.00240867  -0.000414619  -0.000528987  0.0382015  0.235754  0.531835  
0.00125512  -0.000414619  -0.000329681  0.0275082  0.224265  0.620365  
0.00205667  -0.000546325  -0.000543847  0.0446893  0.245091  0.637087  
0.00198295  -0.000839934  -0.000571829  0.0480166  0.212478  0.524337  
0.00223572  -0.00093401  -0.000546161  0.0505163  0.251255  0.629957  
0.00269737  -0.000422705  -0.000535624  0.0502912  0.233271  0.572029  
0.00167828  -0.00093401  -0.000650038  0.0505191  0.232512  0.613804  
0.0025743  -0.000189137  -0.000981558  0.0521876  0.223814  0.521065  
0.00211293  -0.000423149  -0.000936107  0.0434435  0.218921  0.524625  
0.00224699  -0.000575554  -0.000635239  0.043644  0.243031  0.615215  
0.00243606  -5.03081e-05  -0.000668457  0.045531  0.232223  0.59414  
