-0.000116153  -1.34708e-05  -0.0012869  -0.11176  -0.541198  0.0922363  
0  -4.62975e-05  -0.00123404  -0.107256  -0.518026  0.0743249  
-0.000769384  -0.000293937  -0.00112137  -0.0956644  -0.518047  0.102032  
-0.00138341  -0.000599693  -0.00149695  -0.110976  -0.518017  0.0750342  
-0.00090756  -0.000164363  -0.00177721  -0.0951939  -0.509952  0.091755  
-0.000686349  -0.000569066  -0.00152338  -0.0953208  -0.491414  0.0640951  
-0.00116681  -0.000627706  -0.00126386  -0.102583  -0.498217  0.0620132  
-0.000992464  -0.000405937  -0.00135331  -0.104052  -0.498168  0.114076  
-0.000989646  -0.000416314  -0.00135851  -0.101679  -0.474463  0.117602  
-0.000618493  -0.000388776  -0.0010955  -0.0984448  -0.474386  0.117839  
-0.000273612  -3.9938e-06  -0.00123164  -0.0977396  -0.471436  0.136542  
-9.85779e-05  -0.000359685  -0.00128551  -0.0958154  -0.450756  0.116322  
-0.000249911  -3.9938e-06  -0.00103834  -0.0990762  -0.447547  0.121301  
-0.000343843  0.00254659  -0.00058778  -0.0902092  -0.41637  0.153655  
-0.000343843  0.00330929  -2.07081e-05  -0.0724596  -0.405193  0.0945463  
1.69009e-05  -0.000328147  -0.00146322  -0.0818478  -0.469803  0.0101479  
0.00393885  0.000226877  -0.00227385  -0.111922  -0.550569  -0.0306004  
0.00171577  0.000201082  -0.00129069  -0.0999129  -0.431876  0.0157386  
0.00132305  0.000201082  -0.00129069  -0.103108  -0.431862  0.0564031  
0.000955922  0.000201082  -0.00114168  -0.107389  -0.408532  0.0286416  
0.000572324  -0.00031696  -0.0012166  -0.100663  -0.423165  0.0516128  
0.000904893  0.000201082  -0.00129069  -0.0893963  -0.388451  0.0737105  
0.000762841  0.000201082  -0.00129069  -0.0920162  -0.379176  0.0852521  
0.000946803  0.000201082  -0.00113322  -0.0904101  -0.388449  0.0943942  
0.000523513  0.000201082  -0.000642234  -0.0852221  -0.374744  0.0851634  
-0.00202669  0.00149502  -0.00183328  -0.0957706  -0.423875  0.0478031  
-0.00284212  0.00408084  -0.004171  -0.108693  -0.348606  0.354903  
-0.00793666  0.00541779  -0.00647198  -0.161134  -0.358138  0.679849  
-0.0161181  0.0100418  -0.00207092  0.0976296  -0.646457  0.913312  
-0.0434895  0.0166628  0.00546002  0.446603  -1.10631  1.68599  
-0.0386307  0.011582  -0.000445581  0.100786  -0.841989  0.910983  
-0.0293607  0.010411  -0.00191274  0.0514392  -0.59219  0.983554  
-0.023212  0.00777062  -0.00170588  0.0702145  -0.429217  1.04578  
-0.0304474  0.00710418  -0.00175591  0.00216624  -0.655877  1.0298  
-0.0177359  0.00296985  -0.00335184  -0.0502091  -0.7658  0.0427047  
-0.0151096  0.00303599  -0.00238377  -0.0745021  -0.751756  0.00219798  
-0.0149608  0.00303602  -0.00218211  -0.0748932  -0.716821  0.018722  
-0.0150081  0.00284634  -0.00215852  -0.0844724  -0.700941  0.0617606  
-0.0139345  0.00318639  -0.00231256  -0.0739992  -0.558404  0.178792  
-0.0233173  0.00544538  -0.00195894  0.00453475  -0.299732  0.722961  
-0.0237814  0.00376808  -0.00189802  -0.0666018  -0.289757  0.660738  
-0.0154047  0.000706817  -0.000952488  -0.0411337  -0.438251  0.305483  
-0.0133755  -0.0001492  -0.000137028  -0.0311308  -0.467395  0.171713  
-0.0127371  -0.000238318  -0.000765338  -0.0556477  -0.519261  0.0638846  
-0.0129806  -0.0001492  -0.000640466  -0.0797231  -0.502887  0.170689  
-0.00905568  0.000315768  -0.000952488  -0.0614344  -0.460329  0.117801  
-0.00559317  0.000613191  -0.000952488  -0.0787866  -0.442877  0.00400801  
-0.0068546  0.000273789  -0.000952488  -0.0740053  -0.460536  0.0591905  
-0.00719955  0.000101166  -0.000952488  -0.072999  -0.40857  0.0516556  
-0.00787731  -0.0001492  -0.000668041  -0.0708907  -0.408539  0.0910206  
-0.00768812  0.000399503  -0.000952488  -0.0776863  -0.412092  0.0749039  
-0.00648455  0.000735733  -0.000777546  -0.0745857  -0.394  0.0433579  
-0.00673099  0.000735734  -0.000606518  -0.0571872  -0.381165  0.0481522  
-0.0065912  0.000296272  -0.000952489  -0.0723974  -0.399822  0.0288726  
-0.00616716  0.000759282  -0.00048306  -0.0672513  -0.354728  0.0191529  
-0.00698052  0.000549083  -0.000698225  -0.0632281  -0.354706  0.0510852  
-0.00617631  0.000629121  -0.000615511  -0.0628906  -0.333823  0.0513086  
-0.00621222  0.000301602  -0.000470908  -0.0612815  -0.340906  0.0296331  
-0.00636745  0.000301602  -0.000272554  -0.0590262  -0.30885  0.0342841  
-0.00610091  -3.10834e-05  -0.000299331  -0.0550582  -0.297653  0.0361633  
-0.00616301  3.68727e-05  -0.000131566  -0.0385013  -0.30425  0.0339117  
-0.00580954  0.000301602  -0.000211559  -0.0462046  -0.270564  0.0554492  
-0.00508969  0.000158968  -0.000299181  -0.0240454  -0.259333  0.0515689  
-0.00394328  0.000607083  -7.75161e-05  -0.00695095  -0.196696  0.0694826  
-0.00465784  0.000410587  -0.000452881  -0.0106987  -0.206361  0.0751393  
-0.00466094  0.000186064  -3.12686e-05  -0.0088662  -0.208371  0.0486076  
-0.00440817  0.000418625  -9.70622e-05  -0.00656353  -0.208968  0.0700859  
-0.00393383  7.92231e-05  -3.12686e-05  -0.0241479  -0.192079  0.0471763  
-0.00372957  0.000279818  -3.12686e-05  -0.000933016  -0.192075  0.0479031  
-0.0037961  0.00067612  -0.000175934  -0.0014339  -0.185231  0.0701996  
-0.00291809  0.000179451  -0.000241823  0.00155008  -0.16244  0.0646542  
-0.00289373  0.000151704  -0.000463627  0.00158494  -0.182052  0.0678713  
-0.00298923  0.000206244  -0.000454991  -0.00389572  -0.147284  0.0702776  
-0.00305943  0.000206245  -0.000483045  -0.00345299  -0.141291  0.0702616  
-0.00319077  0.000329534  -0.00026569  -0.00217454  -0.166062  0.0496368  
-0.00306795  0.000206245  -0.000405652  0.000459769  -0.144899  0.0265024  
-0.00286961  0.000206245  -0.000390616  0.00626221  -0.130576  0.0409985  
-0.00250445  0.000206245  -0.000306921  0.00625045  -0.144216  0.0572817  
-0.00253682  0.000206245  -0.000381189  -0.00401227  -0.124292  0.0347268  
-0.00223993  0.000392262  -0.000483046  0.00562533  -0.104611  0.0521979  
-0.00186734  0.000548797  -0.000483046  -0.00453283  -0.0895611  0.0688403  
-0.00160482  0.000496507  -0.000483045  0.00459331  -0.0861514  0.038974  
-0.000867585  0.000887153  -0.000180279  0.0199761  -0.0715763  0.0401332  
-0.000212701  0.000404927  -0.000306664  0.0201961  -0.0189607  0.0606606  
-0.000217276  0.000200988  -0.000301569  0.0165358  -0.0264231  0.0217217  
-0.000324802  0.000581489  -0.000272528  0.0283547  -0.0153454  0.0446506  
-0.000413463  0.000255879  -9.8337e-05  0.0165417  -0.0189517  0.0553997  
-0.000416063  0.000200988  -3.08153e-05  0.0165308  -0.000936759  -0.0216771  
0.00165547  0.000200988  -0.00107048  -0.00303536  -0.0189236  -0.0163681  
0.000343592  -0.000212516  -0.000483022  0.000425755  -0.0793151  -0.0261355  
0.000140611  -3.04994e-07  -0.000425764  0.0120178  -0.0231146  -0.00141641  
0.000187233  5.20897e-05  -0.000342112  -0.00306119  -0.0231384  -2.30118e-05  
-0.000185299  -5.30072e-05  -0.00019569  -0.00306608  -0.0335865  0.0028552  
0.000187233  -3.5459e-05  -6.09405e-06  -0.00307563  -0.00476833  -3.44332e-05  
-0.000201268  6.04329e-05  -6.09405e-06  -0.0030876  0.0166643  0.0207918  
-3.74301e-05  0.000218701  -6.09405e-06  -0.00683988  0.0139804  0.0356392  
-0.000170027  0.000531597  -0.000303836  0.00577846  0.0428415  0.0535552  
-0.000154283  0.000128739  -0.000482139  0.0113615  0.0543527  0.0704174  
-0.000465234  3.59508e-06  -0.000454074  -0.00189417  0.0250627  0.0176699  
-0.000465234  0.000100451  -0.000454074  0.00843838  0.0631142  0.0387718  
-0.000254698  0.000224687  -0.000161744  0.0208266  0.0591  0.0361657  
-0.000465234  0.000149177  -7.28044e-05  -0.00188069  0.0318878  0.0239635  
-0.00181576  -2.24647e-05  -0.000441277  -0.00193599  0.104032  0.0536395  
-0.00194145  -0.000435054  -0.000621635  -0.00419464  0.0631737  0.0384862  
-0.00222464  -0.000720019  -0.000727537  -0.0234213  0.0690407  0.0257155  
-0.000964712  -0.000370774  -0.000907953  -0.028024  -0.0454939  -0.0593283  
-0.00170543  -0.00063913  -0.00144513  -0.0343841  0.0142939  -0.0449481  
-0.00141186  -0.00081473  -0.000939073  -0.034676  0.0168689  -0.0449489  
-0.00105568  -0.000498863  -0.00092821  -0.0141272  0.0191951  -0.0389956  
-0.00190407  -0.000743285  -0.000828374  -0.0143229  0.0479347  -0.0278733  
-0.00166186  -0.000683524  -0.000549948  -0.0152829  0.0561101  -0.0205361  
-0.00178332  -0.00047633  -0.000549948  -0.00958434  0.0530992  -0.0398502  
-0.00179338  -0.000667974  -0.000549948  -0.0117566  0.0481326  -0.0155459  
-0.00166186  -0.000371768  -0.00106429  -0.0114601  0.070568  -0.0402705  
-0.00222868  -0.000743678  -0.00100002  -0.019379  0.0756024  -0.0308475  
-0.00248388  -0.0010938  -0.000626957  -0.0244168  0.094373  -0.0471081  
-0.00299653  -0.000800068  -0.000758462  -0.0274199  0.0974634  -0.0299628  
-0.0035715  -0.00125046  -0.00107615  -0.0275618  0.145635  0.0058657  
-0.00384553  -0.00313149  -0.00131312  -0.0146786  0.303856  0.150348  
-0.00598451  -0.00434282  -0.00099677  -0.0469275  0.270213  0.151109  
-0.00319387  -0.00214112  -0.000958971  -0.0229339  0.0702073  -0.0823311  
-0.00544149  -0.0022263  -0.00124842  -0.0243292  0.086718  -0.00163833  
-0.00680175  -0.00264143  -0.00100362  -0.0178603  0.0719049  0.0625404  
-0.0078417  -0.00264143  -0.00100613  -0.0201084  0.135791  0.103065  
-0.00752308  -0.00248587  -0.000892753  -0.0143176  0.11403  0.0728437  
-0.0071379  -0.00264144  -0.000683206  -0.000471363  0.119047  0.0613736  
-0.00699982  -0.00264143  -0.000899829  -0.00956897  0.131298  0.0471406  
-0.00647421  -0.00252557  -0.000852057  -0.00620401  0.122567  0.0350522  
-0.00512411  -0.00144854  -0.000520213  0.00273752  0.14267  0.00351637  
-0.0054939  -0.00182216  -0.000520213  0.0104509  0.172148  0.0322166  
-0.00609045  -0.00153406  -0.000520213  0.00642147  0.11843  0.026634  
-0.00640658  -0.00136498  -0.000418337  0.0138146  0.165714  0.0351408  
-0.00604926  -0.0016605  -0.000520213  0.00871319  0.190196  0.0489332  
-0.00603353  -0.00140341  -0.000520213  0.00329214  0.181372  0.0713506  
-0.00626404  -0.00141595  -0.000648954  0.00376594  0.200502  0.0539124  
-0.00632886  -0.00124334  -0.000520213  0.000125568  0.2164  0.0714277  
-0.00656517  -0.00143528  -0.000767802  0.000528635  0.226634  0.115166  
-0.00666271  -0.0011503  -0.000787392  0.00808012  0.237773  0.127428  
-0.00621389  -0.000594532  -0.000555497  0.0118272  0.275384  0.125193  
-0.0056827  -0.00124334  -0.000462023  0.0283185  0.291419  0.0990477  
-0.00544536  -0.00124334  -0.000587605  0.028279  0.275408  0.0713344  
-0.00538675  -0.00124333  -0.000831836  0.0281938  0.311266  0.105371  
-0.00574313  -0.00124333  -0.000984283  0.0260515  0.324727  0.103232  
-0.00519274  -0.00124333  -0.000791494  0.0248736  0.298689  0.0856807  
-0.00512467  -0.00124333  -0.000714537  0.0219653  0.344994  0.120091  
-0.00538969  -0.00173839  -0.000716865  0.0116929  0.343158  0.120164  
-0.00567556  -0.00173839  -0.000551013  0.041002  0.346927  0.115134  
-0.00525032  -0.00131218  -0.000913177  0.0300508  0.426247  0.18166  
-0.00617074  -0.00237541  -0.000474952  0.0116645  0.387782  0.112058  
-0.00619294  -0.00241091  -0.000329947  0.0170315  0.377574  0.0507124  
-0.00596775  -0.00281934  -0.000454582  0.0159223  0.337691  0.0485905  
-0.00604248  -0.00228862  -0.000329947  0.0116792  0.337679  0.0541679  
-0.00586703  -0.00226192  -0.000649114  0.0115118  0.355475  0.0993325  
-0.0059883  -0.00235358  -0.000716444  0.0115293  0.372723  0.106934  
-0.00612063  -0.0025991  -0.000811587  0.0115072  0.344957  0.106963  
-0.00558243  -0.00234262  -0.000957205  0.0114367  0.387164  0.125757  
-0.00542758  -0.00202537  -0.000811587  0.0114613  0.392799  0.155396  
-0.00528049  -0.00234262  -0.000735541  0.0181023  0.38748  0.116319  
-0.00528049  -0.00191105  -0.000811587  0.0309008  0.450825  0.138296  
-0.00511592  -0.00191105  -0.000811588  0.0114686  0.440678  0.152521  
-0.00508093  -0.00200397  -0.000811588  0.0223189  0.448404  0.102561  
-0.00534932  -0.00200888  -0.000811588  0.023201  0.483694  0.1166  
-0.00233545  -0.00245208  -0.00122124  0.0112476  0.383176  -0.000613911  
-0.00269078  -0.00286303  -0.00112574  0.00125641  0.432246  -0.018779  
-0.00332548  -0.0025207  -0.000436651  0.00761588  0.434955  0.000168069  
-0.00433617  -0.00235908  -0.000841179  0.0114627  0.391411  -0.0323831  
-0.00335897  -0.00286086  -0.000841179  0.0114346  0.329132  -0.1141  
-0.00463916  -0.00320471  -0.000725394  -0.00531522  0.377919  -0.00451975  
-0.00477302  -0.00316505  -0.000801948  -0.00656587  0.394736  0.00386338  
-0.00501777  -0.00296118  -0.000600682  -0.00645828  0.377905  -0.0122819  
-0.00400428  -0.00288368  -0.000995146  -0.00411411  0.416321  -0.00762154  
-0.00499918  -0.00293848  -0.000867721  -0.00655175  0.420768  0.00390294  
-0.00529992  -0.00301773  -0.00120697  -0.00672517  0.426387  0.0335177  
-0.00542602  -0.00300282  -0.00120697  -0.006711  0.425679  0.00328711  
-0.00552302  -0.0029755  -0.00120697  -0.00957157  0.432717  0.0241939  
-0.0051575  -0.00288989  -0.00120697  -0.00671148  0.444797  0.0140098  
-0.00502454  -0.0029092  -0.00120697  -0.00671087  0.456829  0.00481838  
-0.00474113  -0.00278362  -0.00120697  -0.0257046  0.431996  -0.027062  
-0.00477339  -0.00273487  -0.00131029  -0.00824289  0.424097  -0.068948  
-0.00457588  -0.00280235  -0.00109445  -0.00370556  0.436894  -0.0563715  
-0.00549306  -0.00327715  -0.00117817  -0.0212055  0.450284  -0.0337184  
-0.00609266  -0.00327716  -0.00117817  -0.0212055  0.414157  -0.0926902  
-0.0137755  -0.00409028  -0.00201414  -0.0579554  0.211214  -0.361645  
-0.0115734  -0.00361275  -0.00255745  -0.0483955  0.243539  -0.251268  
-0.0102561  -0.00355484  -0.0024444  -0.0437521  0.286701  -0.166377  
-0.010023  -0.00320358  -0.00226721  -0.0420173  0.299353  -0.172338  
-0.00928936  -0.00337848  -0.0022344  -0.0496291  0.34022  -0.179847  
